Webots Project File version R2023b
perspectives: 000000ff00000000fd000000020000000100000209000001a1fc0200000001fb0000001400540065007800740045006400690074006f00720100000014000001a10000008900ffffff0000000300000556000000f1fc0100000003fb0000001c004200650068006100760069006f00720041006c006c0041006c006c0100000000000000690000000000000000fc00000000000005560000006900fffffffa000000010100000003fb000000180041006300740069006f006e0041006c006c0041006c006c03ffffffe50000024200000554000000c6fb0000001a0043006f006e0073006f006c00650041006c006c0041006c006c0100000000ffffffff0000006900fffffffb0000001a0043006f006e0073006f006c00650041006c006c0041006c006c0100000000ffffffff0000000000000000fb0000001a0043006f006e0073006f006c00650041006c006c0041006c006c01000000000000055600000000000000000000034b000001a100000001000000020000000100000008fc00000000
simulationViewPerspectives: 000000ff000000010000000200000000000003490100000002010000000100
sceneTreePerspectives: 000000ff00000001000000030000001c000000c0000000fa0100000002010000000200
minimizedPerspectives: 000000ff00000000fd0000000200000001000001930000020cfc0200000001fb0000001400540065007800740045006400690074006f007201000000140000020c0000008900ffffff0000000300000556000000acfc0100000002fb0000001c004200650068006100760069006f00720041006c006c0041006c006c0100000000000000690000000000000000fc00000000000005560000007100fffffffa000000000100000004fb000000180041006300740069006f006e0041006c006c0041006c006c0100000000ffffffff0000006900fffffffb0000001a0043006f006e0073006f006c00650041006c006c0041006c006c0100000000ffffffff0000006900fffffffb0000001a0043006f006e0073006f006c00650041006c006c0041006c006c0100000000ffffffff0000000000000000fb0000001a0043006f006e0073006f006c00650041006c006c0041006c006c0100000000ffffffff0000000000000000000003c10000020c00000001000000020000000100000008fc00000000
maximizedDockId: -1
centralWidgetVisible: 1
orthographicViewHeight: 1
textFiles: 1 "controllers/elisa3/elisa3.c" "controllers/rosbot/rosbot.py"
globalOptionalRendering: ContactPoints::DistanceSensorRays::RadarFrustums::LightPositions
consoles: Console:All:All
renderingDevicePerspectives: rosbot:camera depth;0;0.0666667;0;0
renderingDevicePerspectives: rosbot:camera rgb;0;0.0666667;0;0
