Webots Project File version R2023b
perspectives: 000000ff00000000fd000000020000000100000227000001a6fc0200000001fb0000001400540065007800740045006400690074006f00720100000014000001a60000008900ffffff0000000300000556000000e6fc0100000001fc00000000000005560000006900fffffffa000000000100000002fb0000001a0043006f006e0073006f006c00650041006c006c0041006c006c0100000000ffffffff0000006900fffffffb0000001a0043006f006e0073006f006c00650041006c006c0041006c006c0100000000ffffffff00000000000000000000032d000001a600000001000000020000000100000008fc00000000
simulationViewPerspectives: 000000ff0000000100000002000000000000032b0100000002010000000100
sceneTreePerspectives: 000000ff00000001000000030000001c000000c0000000fa0100000002010000000200
minimizedPerspectives: 000000ff00000000fd0000000100000001000002a10000028efc0200000001fc000000160000028e000000a50100001dfa000000000100000002fb0000001a0043006f006e0073006f006c00650041006c006c0041006c006c0100000000ffffffff0000006900fffffffb0000001400540065007800740045006400690074006f007201000002b5000002a10000007700ffffff000002b30000028e00000001000000020000000100000008fc00000000
maximizedDockId: -1
centralWidgetVisible: 1
orthographicViewHeight: 1
textFiles: 2 "protos/Rosbot.proto" "protos/Elisa3.proto" "controllers/rosbot/rosbot.py" "controllers/elisa3/elisa3.c"
globalOptionalRendering: DistanceSensorRays
consoles: Console:All:All
renderingDevicePerspectives: rosbot:camera depth;0;0.56875;0;0
renderingDevicePerspectives: rosbot:camera rgb;0;0.56875;0;0
